{
    "batchName": "",
    "batchTime": 0,
    "boardConf": "nIR-C00M00-00",
    "boardCustom": "",
    "boardName": "DM3370",
    "boardOptions": 0,
    "boardRev": "R4M2E4",
    "cameraData": [
        [
            1,
            {
                "cameraType": 0,
                "distortionCoeff": [
                    -1.1449486017227173,
                    1.9652880430221558,
                    0.0003484496264718473,
                    0.0001613211934454739,
                    0.3331201672554016,
                    -0.819232165813446,
                    1.5433958768844604,
                    1.0152308940887451,
                    0.0,
                    0.0,
                    0.0,
                    0.0,
                    0.0,
                    0.0
                ],
                "extrinsics": {
                    "rotationMatrix": [
                        [
                            0.9970168471336365,
                            -0.06576281785964966,
                            -0.040405768901109695
                        ],
                        [
                            0.06612077355384827,
                            0.9977827668190002,
                            0.007585868239402771
                        ],
                        [
                            0.039817314594984055,
                            -0.010234898887574673,
                            0.9991545677185059
                        ]
                    ],
                    "specTranslation": {
                        "x": -7.5,
                        "y": 0.0,
                        "z": 0.0
                    },
                    "toCameraSocket": 2,
                    "translation": {
                        "x": -7.613834381103516,
                        "y": 0.10086039453744888,
                        "z": -0.21424388885498047
                    }
                },
                "height": 800,
                "intrinsicMatrix": [
                    [
                        570.6795043945313,
                        0.0,
                        657.8294677734375
                    ],
                    [
                        0.0,
                        570.3024291992188,
                        412.6250305175781
                    ],
                    [
                        0.0,
                        0.0,
                        1.0
                    ]
                ],
                "lensPosition": 0,
                "specHfovDeg": 110.0,
                "width": 1280
            }
        ],
        [
            2,
            {
                "cameraType": 0,
                "distortionCoeff": [
                    26.100326538085938,
                    29.580001831054688,
                    0.0005024953279644251,
                    -0.0005182200111448765,
                    3.0327014923095703,
                    26.382339477539063,
                    38.18364334106445,
                    10.278202056884766,
                    0.0,
                    0.0,
                    0.0,
                    0.0,
                    0.0,
                    0.0
                ],
                "extrinsics": {
                    "rotationMatrix": [
                        [
                            0.9970411062240601,
                            0.06492004543542862,
                            0.041163504123687744
                        ],
                        [
                            -0.06469176709651947,
                            0.9978817701339722,
                            -0.006854970473796129
                        ],
                        [
                            -0.041521333158016205,
                            0.004171747248619795,
                            0.9991289377212524
                        ]
                    ],
                    "specTranslation": {
                        "x": 7.5,
                        "y": -0.0,
                        "z": -0.0
                    },
                    "toCameraSocket": 1,
                    "translation": {
                        "x": 7.590762615203857,
                        "y": -0.5897109508514404,
                        "z": -0.0377141498029232
                    }
                },
                "height": 800,
                "intrinsicMatrix": [
                    [
                        566.4550170898438,
                        0.0,
                        647.4142456054688
                    ],
                    [
                        0.0,
                        566.6572265625,
                        394.4568176269531
                    ],
                    [
                        0.0,
                        0.0,
                        1.0
                    ]
                ],
                "lensPosition": 0,
                "specHfovDeg": 110.0,
                "width": 1280
            }
        ],
        [
            0,
            {
                "cameraType": 0,
                "distortionCoeff": [
                    -3.449554920196533,
                    5.616943359375,
                    -0.0012729980517178774,
                    -0.002203497337177396,
                    -2.2292263507843018,
                    -3.4216458797454834,
                    5.502269268035889,
                    -2.1144142150878906,
                    0.0,
                    0.0,
                    0.0,
                    0.0,
                    0.0,
                    0.0
                ],
                "extrinsics": {
                    "rotationMatrix": [
                        [
                            0.0,
                            0.0,
                            0.0
                        ],
                        [
                            0.0,
                            0.0,
                            0.0
                        ],
                        [
                            0.0,
                            0.0,
                            0.0
                        ]
                    ],
                    "specTranslation": {
                        "x": 0.0,
                        "y": 0.0,
                        "z": 0.0
                    },
                    "toCameraSocket": -1,
                    "translation": {
                        "x": 0.0,
                        "y": 0.0,
                        "z": 0.0
                    }
                },
                "height": 1080,
                "intrinsicMatrix": [
                    [
                        999.761962890625,
                        0.0,
                        960.7982788085938
                    ],
                    [
                        0.0,
                        1000.0401611328125,
                        550.8836669921875
                    ],
                    [
                        0.0,
                        0.0,
                        1.0
                    ]
                ],
                "lensPosition": 0,
                "specHfovDeg": 68.7938003540039,
                "width": 1920
            }
        ],
        [
            3,
            {
                "cameraType": 0,
                "distortionCoeff": [
                    3.0429835319519043,
                    -0.05518777295947075,
                    0.00044897623592987657,
                    0.00023699793382547796,
                    -0.07043111324310303,
                    3.3987650871276855,
                    0.8032868504524231,
                    -0.20897269248962402,
                    0.0,
                    0.0,
                    0.0,
                    0.0,
                    0.0,
                    0.0
                ],
                "extrinsics": {
                    "rotationMatrix": [
                        [
                            0.9988250732421875,
                            0.04820913076400757,
                            -0.004930008668452501
                        ],
                        [
                            -0.048090435564517975,
                            0.998603343963623,
                            0.02187909558415413
                        ],
                        [
                            0.005977895110845566,
                            -0.02161630429327488,
                            0.9997484683990479
                        ]
                    ],
                    "specTranslation": {
                        "x": -7.5,
                        "y": 0.0,
                        "z": 0.0
                    },
                    "toCameraSocket": 4,
                    "translation": {
                        "x": -7.608558177947998,
                        "y": 0.16492301225662231,
                        "z": -0.07893864065408707
                    }
                },
                "height": 800,
                "intrinsicMatrix": [
                    [
                        568.269287109375,
                        0.0,
                        623.547607421875
                    ],
                    [
                        0.0,
                        567.7590942382813,
                        397.08197021484375
                    ],
                    [
                        0.0,
                        0.0,
                        1.0
                    ]
                ],
                "lensPosition": 0,
                "specHfovDeg": 110.0,
                "width": 1280
            }
        ],
        [
            4,
            {
                "cameraType": 0,
                "distortionCoeff": [
                    0.4619317054748535,
                    -0.1891344040632248,
                    -9.155489533441141e-05,
                    0.00013756778207607567,
                    -0.015528169460594654,
                    0.8000242710113525,
                    -0.13364556431770325,
                    -0.06521953642368317,
                    0.0,
                    0.0,
                    0.0,
                    0.0,
                    0.0,
                    0.0
                ],
                "extrinsics": {
                    "rotationMatrix": [
                        [
                            0.0,
                            0.0,
                            0.0
                        ],
                        [
                            0.0,
                            0.0,
                            0.0
                        ],
                        [
                            0.0,
                            0.0,
                            0.0
                        ]
                    ],
                    "specTranslation": {
                        "x": -0.0,
                        "y": -0.0,
                        "z": -0.0
                    },
                    "toCameraSocket": -1,
                    "translation": {
                        "x": 0.0,
                        "y": 0.0,
                        "z": 0.0
                    }
                },
                "height": 800,
                "intrinsicMatrix": [
                    [
                        571.4091186523438,
                        0.0,
                        624.0826416015625
                    ],
                    [
                        0.0,
                        571.7240600585938,
                        398.8327941894531
                    ],
                    [
                        0.0,
                        0.0,
                        1.0
                    ]
                ],
                "lensPosition": 0,
                "specHfovDeg": 110.0,
                "width": 1280
            }
        ]
    ],
    "hardwareConf": "F0-FV00-BC000",
    "imuExtrinsics": {
        "rotationMatrix": [
            [
                0.0,
                0.0,
                0.0
            ],
            [
                0.0,
                0.0,
                0.0
            ],
            [
                0.0,
                0.0,
                0.0
            ]
        ],
        "specTranslation": {
            "x": 0.0,
            "y": 0.0,
            "z": 0.0
        },
        "toCameraSocket": -1,
        "translation": {
            "x": 0.0,
            "y": 0.0,
            "z": 0.0
        }
    },
    "miscellaneousData": [],
    "productName": "RAE",
    "stereoRectificationData": {
        "leftCameraSocket": 3,
        "rectifiedRotationLeft": [
            [
                0.999640941619873,
                0.026331545785069466,
                0.0049666776321828365
            ],
            [
                -0.026384461671113968,
                0.9995923638343811,
                0.010907799005508423
            ],
            [
                -0.0046774339862167835,
                -0.01103492546826601,
                0.9999281764030457
            ]
        ],
        "rectifiedRotationRight": [
            [
                0.9997113943099976,
                -0.02166973054409027,
                0.010371986776590347
            ],
            [
                0.02178223989903927,
                0.9997037649154663,
                -0.010860159993171692
            ],
            [
                -0.010133576579391956,
                0.011082950979471207,
                0.999887228012085
            ]
        ],
        "rightCameraSocket": 4
    },
    "version": 7
}
